0.440391 0.460754
0.449222 0.496677
0.47795 0.512261
0.440391 0.460754
0.449222 0.496677
0.47795 0.512261
0.440391 0.460754
0.449222 0.496677
0.47795 0.512261
0.440391 0.460754
0.449222 0.496677
0.47795 0.512261
0.440391 0.460754
0.449222 0.496677
0.47795 0.512261
0.453401 0.556914
0.505349 0.488605
0.481431 0.484496
0.453401 0.556914
0.505349 0.488605
0.481431 0.484496
0.453401 0.556914
0.505349 0.488605
0.481431 0.484496
0.453401 0.556914
0.505349 0.488605
0.481431 0.484496
0.453401 0.556914
0.505349 0.488605
0.481431 0.484496
0.413484 0.519582
0.494233 0.502109
0.437774 0.540632
0.413484 0.519582
0.494233 0.502109
0.437774 0.540632
0.413484 0.519582
0.494233 0.502109
0.437774 0.540632
0.413484 0.519582
0.494233 0.502109
0.437774 0.540632
0.413484 0.519582
0.494233 0.502109
0.437774 0.540632
0.389567 0.456088
0.494233 0.502109
0.437774 0.540632
0.389567 0.456088
0.494233 0.502109
0.437774 0.540632
0.389567 0.456088
0.494233 0.502109
0.437774 0.540632
0.389567 0.456088
0.494233 0.502109
0.437774 0.540632
0.389567 0.456088
0.494233 0.502109
0.437774 0.540632
0.40182 0.56621
0.426007 0.505986
0.279822 0.54285
0.40182 0.56621
0.426007 0.505986
0.279822 0.54285
0.40182 0.56621
0.426007 0.505986
0.279822 0.54285
0.40182 0.56621
0.426007 0.505986
0.279822 0.54285
0.40182 0.56621
0.426007 0.505986
0.279822 0.54285
0.525077 0.533607
0.449222 0.496677
0.47795 0.512261
0.525077 0.533607
0.449222 0.496677
0.47795 0.512261
0.525077 0.533607
0.449222 0.496677
0.47795 0.512261
0.525077 0.533607
0.449222 0.496677
0.47795 0.512261
0.525077 0.533607
0.449222 0.496677
0.47795 0.512261
0.481431 0.484496
0.439485 0.495974
0.481431 0.484496
0.481431 0.484496
0.439485 0.495974
0.481431 0.484496
0.481431 0.484496
0.439485 0.495974
0.481431 0.484496
0.481431 0.484496
0.439485 0.495974
0.481431 0.484496
0.481431 0.484496
0.439485 0.495974
0.481431 0.484496
0.480138 0.538014
0.466867 0.528686
0.538852 0.464148
0.480138 0.538014
0.466867 0.528686
0.538852 0.464148
0.480138 0.538014
0.466867 0.528686
0.538852 0.464148
0.480138 0.538014
0.466867 0.528686
0.538852 0.464148
0.480138 0.538014
0.466867 0.528686
0.538852 0.464148
0.493898 0.4561
0.597022 0.476915
0.523303 0.551977
0.493898 0.4561
0.597022 0.476915
0.523303 0.551977
0.493898 0.4561
0.597022 0.476915
0.523303 0.551977
0.493898 0.4561
0.597022 0.476915
0.523303 0.551977
0.493898 0.4561
0.597022 0.476915
0.523303 0.551977
0.454 0.515304
0.440125 0.509128
0.436504 0.492614
0.454 0.515304
0.440125 0.509128
0.405397 0.480002
0.454 0.515304
0.440125 0.509128
0.436504 0.492614
0.454 0.515304
0.440125 0.509128
0.410673 0.476672
0.454 0.515304
0.440125 0.509128
0.436504 0.492614
0.343382 0.482149
0.279822 0.54285
0.387784 0.496456
0.343382 0.482149
0.279822 0.54285
0.326167 0.479287
0.343382 0.482149
0.279822 0.54285
0.364171 0.554649
0.343382 0.482149
0.279822 0.54285
0.393785 0.505646
0.343382 0.482149
0.279822 0.54285
0.326167 0.479287
0.467119 0.506455
0.449222 0.496677
0.470058 0.540325
0.467119 0.506455
0.449222 0.496677
0.470058 0.540325
0.467119 0.506455
0.449222 0.496677
0.356417 0.566365
0.467119 0.506455
0.449222 0.496677
0.470058 0.540325
0.467119 0.506455
0.449222 0.496677
0.356417 0.566365
0.47795 0.512261
0.405397 0.480002
0.607255 0.455104
0.47795 0.512261
0.445271 0.489468
0.52656 0.493417
0.47795 0.512261
0.445271 0.489468
0.481431 0.484496
0.47795 0.512261
0.445271 0.489468
0.481431 0.484496
0.47795 0.512261
0.547134 0.537519
0.445271 0.489468
0.479714 0.483232
0.444498 0.533423
0.478524 0.484358
0.479714 0.483232
0.444498 0.533423
0.478524 0.484358
0.479714 0.483232
0.505349 0.488605
0.437559 0.516143
0.479714 0.483232
0.444498 0.533423
0.478524 0.484358
0.479714 0.483232
0.444498 0.533423
0.478524 0.484358
0.440125 0.509128
0.436504 0.492614
0.459801 0.439715
0.440125 0.509128
0.436504 0.492614
0.459801 0.439715
0.440125 0.509128
0.436504 0.492614
0.459801 0.439715
0.440125 0.509128
0.445271 0.489468
0.481431 0.484496
0.440125 0.509128
0.436504 0.492614
0.459801 0.439715
0.279822 0.54285
0.326167 0.479287
0.392349 0.537632
0.470058 0.540325
0.480138 0.538014
0.466867 0.528686
0.470058 0.540325
0.480138 0.538014
0.466867 0.528686
0.470058 0.540325
0.480138 0.538014
0.466867 0.528686
0.470058 0.540325
0.480138 0.538014
0.466867 0.528686
0.470058 0.540325
0.480138 0.538014
0.466867 0.528686
0.504938 0.524615
0.597022 0.476915
0.523303 0.551977
0.504938 0.524615
0.597022 0.476915
0.523303 0.551977
0.504938 0.524615
0.597022 0.476915
0.523303 0.551977
0.504938 0.524615
0.597022 0.476915
0.523303 0.551977
0.504938 0.524615
0.597022 0.476915
0.523303 0.551977
0.407747 0.522724
0.436504 0.492614
0.459801 0.439715
0.407747 0.522724
0.436504 0.492614
0.436504 0.492614
0.407747 0.522724
0.436504 0.492614
0.459801 0.439715
0.407747 0.522724
0.436504 0.492614
0.436504 0.492614
0.407747 0.522724
0.436504 0.492614
0.436504 0.492614
0.35911 0.557113
0.326167 0.479287
0.392349 0.537632
0.35911 0.557113
0.326167 0.479287
0.392349 0.537632
0.35911 0.557113
0.326167 0.479287
0.392349 0.537632
0.35911 0.557113
0.326167 0.479287
0.392349 0.537632
0.35911 0.557113
0.326167 0.479287
0.392349 0.537632
0.405397 0.480002
0.607255 0.455104
0.478524 0.484358
0.405397 0.480002
0.607255 0.455104
0.478524 0.484358
0.405397 0.480002
0.607255 0.455104
0.478524 0.484358
0.405397 0.480002
0.607255 0.455104
0.478524 0.484358
0.405397 0.480002
0.460351 0.467122
0.55976 0.544306
0.460351 0.467122
0.481431 0.484496
0.439485 0.495974
0.460351 0.467122
0.481431 0.484496
0.439485 0.495974
0.460351 0.467122
0.481431 0.484496
0.439485 0.495974
0.460351 0.467122
0.481431 0.484496
0.439485 0.495974
0.592252 0.541532
0.597022 0.476915
0.523303 0.551977
0.592252 0.541532
0.597022 0.476915
0.523303 0.551977
0.592252 0.541532
0.597022 0.476915
0.523303 0.551977
0.592252 0.541532
0.597022 0.476915
0.523303 0.551977
0.592252 0.541532
0.597022 0.476915
0.523303 0.551977
0.547134 0.537519
0.445271 0.489468
0.52656 0.493417
0.547134 0.537519
0.445271 0.489468
0.52656 0.493417
0.547134 0.537519
0.445271 0.489468
0.52656 0.493417
0.547134 0.537519
0.445271 0.489468
0.52902 0.494767
0.547134 0.537519
0.445271 0.489468
0.52656 0.493417
0.436504 0.492614
0.436504 0.492614
0.436504 0.492614
0.436504 0.492614
0.436504 0.492614
0.459801 0.439715
0.436504 0.492614
0.436504 0.492614
0.459801 0.439715
0.398291 0.489154
0.279822 0.54285
0.326167 0.479287
0.398291 0.489154
0.279822 0.54285
0.387784 0.496456
0.398291 0.489154
0.279822 0.54285
0.393785 0.505646
0.398291 0.489154
0.279822 0.54285
0.417236 0.494841
0.398291 0.489154
0.279822 0.54285
0.417236 0.494841
0.33861 0.56531
0.343382 0.482149
0.279822 0.54285
0.33861 0.56531
0.343382 0.482149
0.279822 0.54285
0.33861 0.56531
0.343382 0.482149
0.279822 0.54285
0.33861 0.56531
0.343382 0.482149
0.279822 0.54285
0.33861 0.56531
0.343382 0.482149
0.279822 0.54285
0.457735 0.435988
0.445271 0.489468
0.52656 0.493417
0.457735 0.435988
0.445271 0.489468
0.52656 0.493417
0.457735 0.435988
0.445271 0.489468
0.52656 0.493417
0.457735 0.435988
0.445271 0.489468
0.481431 0.484496
0.457735 0.435988
0.445271 0.489468
0.52902 0.494767
0.460103 0.514256
0.478524 0.484358
0.567754 0.449259
0.460103 0.514256
0.478524 0.484358
0.493898 0.4561
0.460103 0.514256
0.478524 0.484358
0.493898 0.4561
0.460103 0.514256
0.478524 0.484358
0.493898 0.4561
0.460103 0.514256
0.478524 0.484358
0.467902 0.437826
0.439485 0.495974
0.481431 0.484496
0.439485 0.495974
0.439485 0.495974
0.481431 0.484496
0.439485 0.495974
0.439485 0.495974
0.481431 0.484496
0.439485 0.495974
0.439485 0.495974
0.481431 0.484496
0.439485 0.495974
0.439485 0.495974
0.481431 0.484496
0.439485 0.495974
0.448554 0.473762
0.326167 0.479287
0.392349 0.537632
0.448554 0.473762
0.326167 0.479287
0.392349 0.537632
0.448554 0.473762
0.326167 0.479287
0.392349 0.537632
0.448554 0.473762
0.326167 0.479287
0.392349 0.537632
0.448554 0.473762
0.326167 0.479287
0.392349 0.537632
0.414594 0.461965
0.410673 0.476672
0.52656 0.493417
0.414594 0.461965
0.410673 0.476672
0.52656 0.493417
0.414594 0.461965
0.410673 0.476672
0.437559 0.516143
0.414594 0.461965
0.410673 0.476672
0.314519 0.0868508
0.414594 0.461965
0.410673 0.476672
0.52656 0.493417
0.356417 0.566365
0.40182 0.56621
0.426007 0.505986
0.356417 0.566365
0.40182 0.56621
0.426007 0.505986
0.356417 0.566365
0.40182 0.56621
0.426007 0.505986
0.356417 0.566365
0.40182 0.56621
0.426007 0.505986
0.356417 0.566365
0.40182 0.56621
0.426007 0.505986
0.485255 0.571548
0.607255 0.455104
0.478524 0.484358
0.485255 0.571548
0.607255 0.455104
0.457216 0.458611
0.485255 0.571548
0.607255 0.455104
0.478524 0.484358
0.485255 0.571548
0.607255 0.455104
0.478524 0.484358
0.485255 0.571548
0.607255 0.455104
0.457216 0.458611
0.566571 0.520241
0.460103 0.514256
0.478524 0.484358
0.566571 0.520241
0.460103 0.514256
0.478524 0.484358
0.566571 0.520241
0.460103 0.514256
0.478524 0.484358
0.566571 0.520241
0.460103 0.514256
0.478524 0.484358
0.566571 0.520241
0.460103 0.514256
0.478524 0.484358
0.518418 0.545266
0.440125 0.509128
0.437774 0.540632
0.518418 0.545266
0.440125 0.509128
0.445271 0.489468
0.518418 0.545266
0.440125 0.509128
0.454653 0.467046
0.518418 0.545266
0.440125 0.509128
0.445271 0.489468
0.518418 0.545266
0.440125 0.509128
0.445271 0.489468
0.431135 0.519729
0.52656 0.493417
0.454 0.515304
0.431135 0.519729
0.52656 0.493417
0.454 0.515304
0.431135 0.519729
0.52656 0.493417
0.454 0.515304
0.431135 0.519729
0.52656 0.493417
0.454 0.515304
0.431135 0.519729
0.52656 0.493417
0.454 0.515304
0.419405 0.499625
0.355794 0.508936
0.445229 0.515896
0.419405 0.499625
0.355794 0.508936
0.445229 0.515896
0.419405 0.499625
0.355794 0.508936
0.377419 0.485837
0.419405 0.499625
0.355794 0.508936
0.445229 0.515896
0.419405 0.499625
0.355794 0.508936
0.445229 0.515896
0.464803 0.523996
0.384879 0.484258
0.434328 0.499873
0.464803 0.523996
0.384879 0.484258
0.434328 0.499873
0.464803 0.523996
0.384879 0.484258
0.434328 0.499873
0.464803 0.523996
0.384879 0.484258
0.434328 0.499873
0.464803 0.523996
0.384879 0.484258
0.434328 0.499873
0.556962 0.485722
0.542155 0.542981
0.542155 0.542981
0.556962 0.485722
0.542155 0.542981
0.542155 0.542981
0.556962 0.485722
0.542155 0.542981
0.52656 0.493417
0.556962 0.485722
0.542155 0.542981
0.542155 0.542981
0.556962 0.485722
0.542155 0.542981
0.52656 0.493417
0.329217 0.567765
0.279822 0.54285
0.377659 0.514333
0.329217 0.567765
0.279822 0.54285
0.381382 0.526323
0.329217 0.567765
0.279822 0.54285
0.377659 0.514333
0.329217 0.567765
0.279822 0.54285
0.381382 0.526323
0.329217 0.567765
0.279822 0.54285
0.445271 0.489468
0.437774 0.540632
0.279822 0.54285
0.434328 0.499873
0.437774 0.540632
0.279822 0.54285
0.381382 0.526323
0.437774 0.540632
0.279822 0.54285
0.381382 0.526323
0.437774 0.540632
0.434328 0.499873
0.481431 0.484496
0.437774 0.540632
0.434328 0.499873
0.481431 0.484496
0.413068 0.495927
0.417236 0.494841
0.410673 0.476672
0.413068 0.495927
0.417236 0.494841
0.410673 0.476672
0.413068 0.495927
0.417236 0.494841
0.410673 0.476672
0.413068 0.495927
0.417236 0.494841
0.410673 0.476672
0.413068 0.495927
0.417236 0.494841
0.410673 0.476672
0.542155 0.542981
0.542155 0.542981
0.542155 0.542981
0.542155 0.542981
0.542155 0.542981
0.542155 0.542981
0.542155 0.542981
0.542155 0.542981
0.542155 0.542981
0.542155 0.542981
0.542155 0.542981
0.542155 0.542981
0.542155 0.542981
0.542155 0.542981
0.52656 0.493417
0.378942 0.528576
0.279822 0.54285
0.381382 0.526323
0.378942 0.528576
0.279822 0.54285
0.377659 0.514333
0.378942 0.528576
0.279822 0.54285
0.381382 0.526323
0.378942 0.528576
0.279822 0.54285
0.381382 0.526323
0.378942 0.528576
0.279822 0.54285
0.377659 0.514333
0.403676 0.531115
0.355794 0.508936
0.445229 0.515896
0.403676 0.531115
0.355794 0.508936
0.445229 0.515896
0.403676 0.531115
0.355794 0.508936
0.445229 0.515896
0.403676 0.531115
0.355794 0.508936
0.445229 0.515896
0.403676 0.531115
0.355794 0.508936
0.445229 0.515896
0.378633 0.57472
0.279822 0.54285
0.381382 0.526323
0.378633 0.57472
0.279822 0.54285
0.304846 0.496754
0.378633 0.57472
0.279822 0.54285
0.304846 0.496754
0.378633 0.57472
0.279822 0.54285
0.377659 0.514333
0.378633 0.57472
0.279822 0.54285
0.304846 0.496754
0.422684 0.476335
0.349463 0.501261
0.458977 0.435929
0.422684 0.476335
0.279822 0.54285
0.381382 0.526323
0.422684 0.476335
0.349463 0.501261
0.458977 0.435929
0.422684 0.476335
0.279822 0.54285
0.377659 0.514333
0.422684 0.476335
0.349463 0.501261
0.458977 0.435929
0.417236 0.494841
0.410673 0.476672
0.279822 0.54285
0.417236 0.494841
0.410673 0.476672
0.279822 0.54285
0.417236 0.494841
0.410673 0.476672
0.279822 0.54285
0.417236 0.494841
0.410673 0.476672
0.279822 0.54285
0.417236 0.494841
0.410673 0.476672
0.279822 0.54285
0.72108 0.401951
0.607255 0.455104
0.88677 0.313503
0.72108 0.401951
0.607255 0.455104
0.88677 0.313503
0.72108 0.401951
0.607255 0.455104
0.88677 0.313503
0.72108 0.401951
0.607255 0.455104
0.88677 0.313503
0.72108 0.401951
0.607255 0.455104
0.88677 0.313503
0.545999 0.465359
0.460103 0.514256
0.440125 0.509128
0.545999 0.465359
0.460103 0.514256
0.440125 0.509128
0.545999 0.465359
0.460103 0.514256
0.440125 0.509128
0.545999 0.465359
0.460103 0.514256
0.440125 0.509128
0.545999 0.465359
0.460103 0.514256
0.440125 0.509128
0.423041 0.430062
0.423041 0.430062
0.423041 0.430062
0.469484 0.565139
0.494233 0.502109
0.440125 0.509128
0.469484 0.565139
0.494233 0.502109
0.440125 0.509128
0.469484 0.565139
0.494233 0.502109
0.440125 0.509128
0.469484 0.565139
0.405397 0.480002
0.279822 0.54285
0.469484 0.565139
0.494233 0.502109
0.422684 0.476335
0.5003 0.505684
0.449222 0.496677
0.478524 0.484358
0.5003 0.505684
0.449222 0.496677
0.478524 0.484358
0.5003 0.505684
0.449222 0.496677
0.478524 0.484358
0.448246 0.496865
0.445271 0.489468
0.405397 0.480002
0.448246 0.496865
0.445271 0.489468
0.405397 0.480002
0.448246 0.496865
0.445271 0.489468
0.405397 0.480002
0.448246 0.496865
0.445271 0.489468
0.410673 0.476672
0.448246 0.496865
0.445271 0.489468
0.405397 0.480002
0.514817 0.548066
0.478524 0.484358
0.428304 0.492519
0.514817 0.548066
0.478524 0.484358
0.428304 0.492519
0.514817 0.548066
0.478524 0.484358
0.428304 0.492519
0.514817 0.548066
0.478524 0.484358
0.428304 0.492519
0.514817 0.548066
0.478524 0.484358
0.428304 0.492519
0.342508 0.554101
0.279822 0.54285
0.384879 0.484258
0.342508 0.554101
0.279822 0.54285
0.457427 0.419953
0.342508 0.554101
0.279822 0.54285
0.434328 0.499873
0.342508 0.554101
0.279822 0.54285
0.434328 0.499873
0.342508 0.554101
0.279822 0.54285
0.434328 0.499873
0.444007 0.458062
0.436504 0.492614
0.410673 0.476672
0.444007 0.458062
0.436504 0.492614
0.410673 0.476672
0.444007 0.458062
0.436504 0.492614
0.410673 0.476672
0.444007 0.458062
0.436504 0.492614
0.410673 0.476672
0.444007 0.458062
0.436504 0.492614
0.410673 0.476672
0.392643 0.483791
0.429809 0.536679
0.410673 0.476672
0.392643 0.483791
0.429809 0.536679
0.410673 0.476672
0.392643 0.483791
0.429809 0.536679
0.410673 0.476672
0.392643 0.483791
0.429809 0.536679
0.410673 0.476672
0.392643 0.483791
0.429809 0.536679
0.410673 0.476672
0.429809 0.536679
0.410673 0.476672
0.478524 0.484358
0.429809 0.536679
0.410673 0.476672
0.44101 0.527548
0.429809 0.536679
0.410673 0.476672
0.478524 0.484358
0.429809 0.536679
0.410673 0.476672
0.349463 0.501261
0.429809 0.536679
0.410673 0.476672
0.44101 0.527548
0.502087 0.563574
0.502087 0.563574
0.502087 0.563574
0.502087 0.563574
0.502087 0.563574
0.502087 0.563574
0.502087 0.563574
0.502087 0.563574
0.502087 0.563574
0.502087 0.563574
0.502087 0.563574
0.502087 0.563574
0.502087 0.563574
0.502087 0.563574
0.502087 0.563574
0.501827 0.460695
0.52656 0.493417
0.542155 0.542981
0.501827 0.460695
0.52656 0.493417
0.542155 0.542981
0.501827 0.460695
0.52656 0.493417
0.542155 0.542981
0.501827 0.460695
0.52656 0.493417
0.542155 0.542981
0.501827 0.460695
0.52656 0.493417
0.542155 0.542981
0.444995 0.500016
0.414594 0.461965
0.410673 0.476672
0.444995 0.500016
0.414594 0.461965
0.410673 0.476672
0.444995 0.500016
0.414594 0.461965
0.410673 0.476672
0.444995 0.500016
0.414594 0.461965
0.410673 0.476672
0.444995 0.500016
0.414594 0.461965
0.410673 0.476672
0.497921 0.473758
0.445271 0.489468
0.410673 0.476672
0.497921 0.473758
0.445271 0.489468
0.405397 0.480002
0.497921 0.473758
0.445271 0.489468
0.405397 0.480002
0.497921 0.473758
0.445271 0.489468
0.405397 0.480002
0.497921 0.473758
0.445271 0.489468
0.434931 0.47142
0.451463 0.462808
0.478524 0.484358
0.428304 0.492519
0.451463 0.462808
0.478524 0.484358
0.52656 0.493417
0.451463 0.462808
0.478524 0.484358
0.428304 0.492519
0.451463 0.462808
0.478524 0.484358
0.52656 0.493417
0.451463 0.462808
0.478524 0.484358
0.428304 0.492519
0.507052 0.54543
0.445271 0.489468
0.410673 0.476672
0.507052 0.54543
0.445271 0.489468
0.434931 0.47142
0.507052 0.54543
0.445271 0.489468
0.434931 0.47142
0.507052 0.54543
0.445271 0.489468
0.434931 0.47142
0.507052 0.54543
0.445271 0.489468
0.434931 0.47142
0.338076 0.530257
0.378942 0.528576
0.428071 0.482954
0.338076 0.530257
0.378942 0.528576
0.428071 0.482954
0.338076 0.530257
0.378942 0.528576
0.279822 0.54285
0.338076 0.530257
0.378942 0.528576
0.279822 0.54285
0.338076 0.530257
0.378942 0.528576
0.279822 0.54285
0.411486 0.548342
0.440125 0.509128
0.479714 0.483232
0.411486 0.548342
0.440125 0.509128
0.479714 0.483232
0.411486 0.548342
0.440125 0.509128
0.464803 0.523996
0.411486 0.548342
0.440125 0.509128
0.479714 0.483232
0.411486 0.548342
0.440125 0.509128
0.479714 0.483232
0.318837 0.489609
0.279822 0.54285
0.386445 0.529011
0.318837 0.489609
0.279822 0.54285
0.326167 0.479287
0.318837 0.489609
0.279822 0.54285
0.355794 0.508936
0.318837 0.489609
0.279822 0.54285
0.355794 0.508936
0.318837 0.489609
0.279822 0.54285
0.355794 0.508936
0.538147 0.550755
0.439485 0.495974
0.481431 0.484496
0.538147 0.550755
0.439485 0.495974
0.481431 0.484496
0.538147 0.550755
0.439485 0.495974
0.481431 0.484496
0.538147 0.550755
0.439485 0.495974
0.481431 0.484496
0.538147 0.550755
0.439485 0.495974
0.481431 0.484496
0.487387 0.449068
0.52656 0.493417
0.445271 0.489468
0.487387 0.449068
0.52656 0.493417
0.445271 0.489468
0.487387 0.449068
0.52656 0.493417
0.445271 0.489468
0.548381 0.46066
0.439485 0.495974
0.481431 0.484496
0.548381 0.46066
0.439485 0.495974
0.481431 0.484496
0.548381 0.46066
0.439485 0.495974
0.481431 0.484496
0.548381 0.46066
0.439485 0.495974
0.481431 0.484496
0.548381 0.46066
0.439485 0.495974
0.481431 0.484496
0.510811 0.629044
0.403676 0.531115
0.420687 0.524624
0.510811 0.629044
0.403676 0.531115
0.420687 0.524624
0.510811 0.629044
0.403676 0.531115
0.420687 0.524624
0.510811 0.629044
0.403676 0.531115
0.690152 0.994004
0.510811 0.629044
0.403676 0.531115
0.420687 0.524624
0.418252 0.563867
0.434328 0.499873
0.279822 0.54285
0.418252 0.563867
0.434328 0.499873
0.279822 0.54285
0.418252 0.563867
0.434328 0.499873
0.403676 0.531115
0.418252 0.563867
0.434328 0.499873
0.403676 0.531115
0.418252 0.563867
0.434328 0.499873
0.279822 0.54285
0.466438 0.538089
0.487387 0.449068
0.52656 0.493417
0.466438 0.538089
0.487387 0.449068
0.52656 0.493417
0.466438 0.538089
0.487387 0.449068
0.469001 0.500254
0.466438 0.538089
0.487387 0.449068
0.52656 0.493417
0.466438 0.538089
0.487387 0.449068
0.52656 0.493417
0.401079 0.559635
0.279822 0.54285
0.386445 0.529011
0.401079 0.559635
0.279822 0.54285
0.326167 0.479287
0.401079 0.559635
0.279822 0.54285
0.326167 0.479287
0.401079 0.559635
0.279822 0.54285
0.355794 0.508936
0.401079 0.559635
0.279822 0.54285
0.355794 0.508936
0.605779 0.527927
0.597022 0.476915
0.530377 0.449558
0.605779 0.527927
0.597022 0.476915
0.530377 0.449558
0.605779 0.527927
0.597022 0.476915
0.530377 0.449558
0.605779 0.527927
0.597022 0.476915
0.530377 0.449558
0.605779 0.527927
0.597022 0.476915
0.530377 0.449558
0.50708 0.453579
0.449222 0.496677
0.461504 0.52638
0.50708 0.453579
0.449222 0.496677
0.461504 0.52638
0.50708 0.453579
0.449222 0.496677
0.461504 0.52638
0.50708 0.453579
0.449222 0.496677
0.461504 0.52638
0.50708 0.453579
0.449222 0.496677
0.607255 0.455104
0.361097 0.551526
0.279822 0.54285
0.439485 0.495974
0.361097 0.551526
0.279822 0.54285
0.439485 0.495974
0.361097 0.551526
0.279822 0.54285
0.50708 0.453579
0.361097 0.551526
0.279822 0.54285
0.50708 0.453579
0.361097 0.551526
0.279822 0.54285
0.439485 0.495974
0.428304 0.492519
0.440125 0.509128
0.417236 0.494841
0.428304 0.492519
0.440125 0.509128
0.426007 0.505986
0.428304 0.492519
0.440125 0.509128
0.436504 0.492614
0.428304 0.492519
0.440125 0.509128
0.417236 0.494841
0.428304 0.492519
0.440125 0.509128
0.436504 0.492614
0.528224 0.460102
0.479714 0.483232
0.453172 0.53304
0.528224 0.460102
0.479714 0.483232
0.453172 0.53304
0.528224 0.460102
0.479714 0.483232
0.453172 0.53304
0.528224 0.460102
0.479714 0.483232
0.453172 0.53304
0.528224 0.460102
0.479714 0.483232
0.453172 0.53304
0.429164 0.467977
0.405397 0.480002
0.279822 0.54285
0.429164 0.467977
0.405397 0.480002
0.279822 0.54285
0.429164 0.467977
0.405397 0.480002
0.279822 0.54285
0.429164 0.467977
0.405397 0.480002
0.279822 0.54285
0.429164 0.467977
0.405397 0.480002
0.279822 0.54285
0.457427 0.419953
0.410673 0.476672
0.494233 0.502109
0.457427 0.419953
0.410673 0.476672
0.494233 0.502109
0.457427 0.419953
0.410673 0.476672
0.494233 0.502109
0.457427 0.419953
0.410673 0.476672
0.494233 0.502109
0.457427 0.419953
0.410673 0.476672
0.494233 0.502109
0.504485 0.53616
0.445271 0.489468
0.394741 0.464209
0.504485 0.53616
0.445271 0.489468
0.405397 0.480002
0.504485 0.53616
0.445271 0.489468
0.405397 0.480002
0.504485 0.53616
0.445271 0.489468
0.405397 0.480002
0.504485 0.53616
0.445271 0.489468
0.457216 0.458611
0.464369 0.46254
0.481431 0.484496
0.540646 0.539966
0.464369 0.46254
0.481431 0.484496
0.540646 0.539966
0.464369 0.46254
0.481431 0.484496
0.540646 0.539966
0.464369 0.46254
0.481431 0.484496
0.540646 0.539966
0.464369 0.46254
0.481431 0.484496
0.540646 0.539966
0.411896 0.518806
0.494233 0.502109
0.413484 0.519582
0.411896 0.518806
0.494233 0.502109
0.413484 0.519582
0.411896 0.518806
0.494233 0.502109
0.413484 0.519582
0.411896 0.518806
0.494233 0.502109
0.413484 0.519582
0.411896 0.518806
0.494233 0.502109
0.413484 0.519582
0.651747 0.425124
0.581839 0.501674
0.651747 0.425124
0.651747 0.425124
0.581839 0.501674
0.651747 0.425124
0.651747 0.425124
0.581839 0.501674
0.651747 0.425124
0.651747 0.425124
0.581839 0.501674
0.651747 0.425124
0.651747 0.425124
0.581839 0.501674
0.651747 0.425124
0.405814 0.318939
0.48026 0.318503
0.480447 0.388497
0.405814 0.318939
0.48026 0.318503
0.480447 0.388497
0.405814 0.318939
0.48026 0.318503
0.480447 0.388497
0.405814 0.318939
0.48026 0.318503
0.480447 0.388497
0.405814 0.318939
0.48026 0.318503
0.480447 0.388497
0.817196 0.745556
0.817196 0.745556
0.916545 0.760301
0.817196 0.745556
0.817196 0.745556
0.916545 0.760301
0.817196 0.745556
0.817196 0.745556
0.916545 0.760301
0.817196 0.745556
0.817196 0.745556
0.916545 0.760301
0.817196 0.745556
0.817196 0.745556
0.916545 0.760301
0.443668 0.422664
0.349463 0.501261
0.349463 0.501261
0.443668 0.422664
0.349463 0.501261
0.349463 0.501261
0.443668 0.422664
0.349463 0.501261
0.349463 0.501261
0.443668 0.422664
0.349463 0.501261
0.349463 0.501261
0.443668 0.422664
0.349463 0.501261
0.349463 0.501261
0.550225 0.501559
0.5003 0.505684
0.493898 0.4561
0.550225 0.501559
0.5003 0.505684
0.493898 0.4561
0.550225 0.501559
0.5003 0.505684
0.493898 0.4561
0.550225 0.501559
0.5003 0.505684
0.493898 0.4561
0.550225 0.501559
0.5003 0.505684
0.493898 0.4561
0.314519 0.0868508
0.314519 0.0868508
0.314519 0.0868508
0.314519 0.0868508
0.314519 0.0868508
0.314519 0.0868508
0.314519 0.0868508
0.314519 0.0868508
0.314519 0.0868508
0.314519 0.0868508
0.314519 0.0868508
0.314519 0.0868508
0.314519 0.0868508
0.314519 0.0868508
0.314519 0.0868508
0.390849 0.602968
0.279822 0.54285
0.403676 0.531115
0.390849 0.602968
0.279822 0.54285
0.403676 0.531115
0.390849 0.602968
0.279822 0.54285
0.403676 0.531115
0.390849 0.602968
0.279822 0.54285
0.403676 0.531115
0.390849 0.602968
0.279822 0.54285
0.403676 0.531115
0.467902 0.437826
0.481431 0.484496
0.494233 0.502109
0.467902 0.437826
0.481431 0.484496
0.494233 0.502109
0.467902 0.437826
0.481431 0.484496
0.494233 0.502109
0.467902 0.437826
0.481431 0.484496
0.494233 0.502109
0.467902 0.437826
0.481431 0.484496
0.494233 0.502109
0.682829 0.695502
0.748167 0.698375
0.748702 0.757038
0.682829 0.695502
0.748167 0.698375
0.748702 0.757038
0.682829 0.695502
0.748167 0.698375
0.748702 0.757038
0.682829 0.695502
0.748167 0.698375
0.748702 0.757038
0.682829 0.695502
0.748167 0.698375
0.748702 0.757038
0.559844 0.438943
0.550225 0.501559
0.5003 0.505684
0.559844 0.438943
0.550225 0.501559
0.5003 0.505684
0.559844 0.438943
0.550225 0.501559
0.5003 0.505684
0.559844 0.438943
0.550225 0.501559
0.5003 0.505684
0.559844 0.438943
0.550225 0.501559
0.5003 0.505684
0.398555 0.967276
0.398555 0.967276
0.398555 0.967276
0.469407 0.504912
0.469407 0.504912
0.469407 0.504912
0.469001 0.500254
0.452375 0.505755
0.469001 0.500254
0.88677 0.313503
0.88677 0.313503
0.88677 0.313503
0.524391 0.44238
0.444498 0.533423
0.479714 0.483232
0.427296 0.498824
0.434328 0.499873
0.427296 0.498824
0.472427 0.506347
0.467119 0.506455
0.469407 0.504912
0.53984 0.00956145
0.53984 0.00956145
0.53984 0.00956145
0.455806 0.535253
0.455806 0.535253
0.455806 0.535253
0.477613 0.524917
0.481431 0.484496
0.478524 0.484358
0.487452 0.224718
0.487452 0.224718
0.487452 0.224718
0.658781 0.0725332
0.658781 0.0725332
0.658781 0.0725332
0.465062 0.549356
0.465062 0.549356
0.465062 0.549356
0.437772 0.522206
0.436504 0.492614
0.437772 0.522206
0.690152 0.994004
0.690152 0.994004
0.690152 0.994004
0.407837 0.472655
0.413068 0.495927
0.407837 0.472655
0.444011 0.51918
0.449222 0.496677
0.434328 0.499873
0.486698 0.53538
0.445271 0.489468
0.389567 0.456088
0.477847 0.550724
0.481431 0.484496
0.478524 0.484358
0.435625 0.402949
0.435625 0.402949
0.435625 0.402949
0.518778 0.750557
0.518778 0.750557
0.518778 0.750557
0.452375 0.505755
0.452375 0.505755
0.452375 0.505755
0.483699 0.515665
0.466867 0.528686
0.483699 0.515665
0.916545 0.760301
0.916545 0.760301
0.916545 0.760301
0.386445 0.529011
0.378942 0.528576
0.279822 0.54285
0.427296 0.498824
0.434328 0.499873
0.427296 0.498824
0.53984 0.00956145
0.53984 0.00956145
0.53984 0.00956145
0.469001 0.500254
0.452375 0.505755
0.469001 0.500254
0.386445 0.529011
0.378942 0.528576
0.279822 0.54285
0.477847 0.550724
0.481431 0.484496
0.478524 0.484358
0.455806 0.535253
0.455806 0.535253
0.455806 0.535253
0.444011 0.51918
0.449222 0.496677
0.434328 0.499873
0.465062 0.549356
0.465062 0.549356
0.465062 0.549356
0.518778 0.750557
0.518778 0.750557
0.518778 0.750557
0.658781 0.0725332
0.658781 0.0725332
0.658781 0.0725332
0.88677 0.313503
0.88677 0.313503
0.88677 0.313503
0.486698 0.53538
0.445271 0.489468
0.389567 0.456088
0.437772 0.522206
0.436504 0.492614
0.437772 0.522206
0.398555 0.967276
0.398555 0.967276
0.398555 0.967276
0.487452 0.224718
0.487452 0.224718
0.487452 0.224718
0.483699 0.515665
0.466867 0.528686
0.483699 0.515665
0.524391 0.44238
0.444498 0.533423
0.479714 0.483232
0.916545 0.760301
0.916545 0.760301
0.916545 0.760301
0.690152 0.994004
0.690152 0.994004
0.690152 0.994004
0.472427 0.506347
0.467119 0.506455
0.465062 0.549356
0.435625 0.402949
0.435625 0.402949
0.435625 0.402949
0.469407 0.504912
0.469407 0.504912
0.469407 0.504912
0.452375 0.505755
0.452375 0.505755
0.452375 0.505755
0.477613 0.524917
0.481431 0.484496
0.478524 0.484358
0.407837 0.472655
0.413068 0.495927
0.407837 0.472655
0.455806 0.535253
0.455806 0.535253
0.455806 0.535253
0.427296 0.498824
0.434328 0.499873
0.427296 0.498824
0.690152 0.994004
0.690152 0.994004
0.690152 0.994004
0.658781 0.0725332
0.658781 0.0725332
0.658781 0.0725332
0.477613 0.524917
0.481431 0.484496
0.478524 0.484358
0.518778 0.750557
0.518778 0.750557
0.518778 0.750557
0.477847 0.550724
0.481431 0.484496
0.478524 0.484358
0.916545 0.760301
0.916545 0.760301
0.916545 0.760301
0.407837 0.472655
0.413068 0.495927
0.407837 0.472655
0.469001 0.500254
0.452375 0.505755
0.469001 0.500254
0.53984 0.00956145
0.53984 0.00956145
0.53984 0.00956145
0.465062 0.549356
0.465062 0.549356
0.465062 0.549356
0.444011 0.51918
0.449222 0.496677
0.434328 0.499873
0.437772 0.522206
0.436504 0.492614
0.437772 0.522206
0.88677 0.313503
0.88677 0.313503
0.88677 0.313503
0.486698 0.53538
0.445271 0.489468
0.394741 0.464209
0.483699 0.515665
0.466867 0.528686
0.483699 0.515665
0.435625 0.402949
0.435625 0.402949
0.435625 0.402949
0.386445 0.529011
0.378942 0.528576
0.279822 0.54285
0.398555 0.967276
0.398555 0.967276
0.398555 0.967276
0.452375 0.505755
0.452375 0.505755
0.452375 0.505755
0.469407 0.504912
0.469407 0.504912
0.469407 0.504912
0.487452 0.224718
0.487452 0.224718
0.487452 0.224718
0.472427 0.506347
0.467119 0.506455
0.465062 0.549356
0.524391 0.44238
0.444498 0.533423
0.479714 0.483232
0.469001 0.500254
0.452375 0.505755
0.469001 0.500254
0.88677 0.313503
0.88677 0.313503
0.88677 0.313503
0.518778 0.750557
0.518778 0.750557
0.518778 0.750557
0.469407 0.504912
0.469407 0.504912
0.469407 0.504912
0.53984 0.00956145
0.53984 0.00956145
0.53984 0.00956145
0.658781 0.0725332
0.658781 0.0725332
0.658781 0.0725332
0.690152 0.994004
0.690152 0.994004
0.690152 0.994004
0.444011 0.51918
0.449222 0.496677
0.481431 0.484496
0.916545 0.760301
0.916545 0.760301
0.916545 0.760301
0.487452 0.224718
0.487452 0.224718
0.487452 0.224718
0.437772 0.522206
0.436504 0.492614
0.437772 0.522206
0.427296 0.498824
0.434328 0.499873
0.427296 0.498824
0.386445 0.529011
0.378942 0.528576
0.279822 0.54285
0.398555 0.967276
0.398555 0.967276
0.398555 0.967276
0.435625 0.402949
0.435625 0.402949
0.435625 0.402949
0.452375 0.505755
0.452375 0.505755
0.452375 0.505755
0.477613 0.524917
0.481431 0.484496
0.478524 0.484358
0.465062 0.549356
0.465062 0.549356
0.465062 0.549356
0.472427 0.506347
0.467119 0.506455
0.469407 0.504912
0.483699 0.515665
0.466867 0.528686
0.483699 0.515665
0.524391 0.44238
0.444498 0.533423
0.479714 0.483232
0.407837 0.472655
0.413068 0.495927
0.407837 0.472655
0.486698 0.53538
0.445271 0.489468
0.442239 0.463554
0.477847 0.550724
0.481431 0.484496
0.478524 0.484358
0.455806 0.535253
0.455806 0.535253
0.455806 0.535253
0.53984 0.00956145
0.53984 0.00956145
0.53984 0.00956145
0.690152 0.994004
0.690152 0.994004
0.690152 0.994004
0.444011 0.51918
0.449222 0.496677
0.434328 0.499873
0.658781 0.0725332
0.658781 0.0725332
0.658781 0.0725332
0.437772 0.522206
0.436504 0.492614
0.437772 0.522206
0.477613 0.524917
0.481431 0.484496
0.478524 0.484358
0.524391 0.44238
0.444498 0.533423
0.479714 0.483232
0.487452 0.224718
0.487452 0.224718
0.487452 0.224718
0.452375 0.505755
0.452375 0.505755
0.452375 0.505755
0.407837 0.472655
0.413068 0.495927
0.407837 0.472655
0.486698 0.53538
0.445271 0.489468
0.394741 0.464209
0.477847 0.550724
0.481431 0.484496
0.478524 0.484358
0.916545 0.760301
0.916545 0.760301
0.916545 0.760301
0.398555 0.967276
0.398555 0.967276
0.398555 0.967276
0.472427 0.506347
0.467119 0.506455
0.469407 0.504912
0.483699 0.515665
0.466867 0.528686
0.483699 0.515665
0.88677 0.313503
0.88677 0.313503
0.88677 0.313503
0.518778 0.750557
0.518778 0.750557
0.518778 0.750557
0.469407 0.504912
0.469407 0.504912
0.469407 0.504912
0.469001 0.500254
0.452375 0.505755
0.469001 0.500254
0.455806 0.535253
0.455806 0.535253
0.455806 0.535253
0.427296 0.498824
0.434328 0.499873
0.427296 0.498824
0.435625 0.402949
0.435625 0.402949
0.435625 0.402949
0.465062 0.549356
0.465062 0.549356
0.465062 0.549356
0.386445 0.529011
0.378942 0.528576
0.279822 0.54285
